% Invoke this script to use these variables
% for the colorscheme used in OnChip.
blue_line = [0 0 255]/255;
blue_fill = [215 227 240]/255;
red_line = [255 0 0]/255;
red_fill = [255 213 213]/255;
violet_line = [144 44 90]/255;
violet_fill = [218 134 173]/255;
green_line = [44 189 110]/255;
green_fill = [160 233 193]/255;
gray_line = 128*[1 1 1]/255;
gray_fill = 211*[1 1 1]/255;
